Pcp_File_Version=4
    2
    1  0.000000e+000  1.000000e+000  1.000000e+000
    2 -6.600000e+002  1.000000e+000  1.000000e+000
  661    0    0    1 x         h      Mat  Lay      Beta           Axz            Bxz            Dxz          Temp          Conc 
    1 -0.000000e+000 -5.000000e+001    4    1  1.000000e+000  1.000000e+000  1.000000e+000  1.000000e+000              
    2 -1.000000e+000 -5.000000e+001    4    1  1.000000e+000  1.000000e+000  1.000000e+000  1.000000e+000              
    3 -2.000000e+000 -5.000000e+001    4    1  9.760000e-001  1.000000e+000  1.000000e+000  1.000000e+000              
    4 -3.000000e+000 -5.000000e+001    4    1  9.525760e-001  1.000000e+000  1.000000e+000  1.000000e+000              
    5 -4.000000e+000 -5.000000e+001    4    1  9.297140e-001  1.000000e+000  1.000000e+000  1.000000e+000              
    6 -5.000000e+000 -5.000000e+001    4    1  9.074010e-001  1.000000e+000  1.000000e+000  1.000000e+000              
    7 -6.000000e+000 -5.000000e+001    4    1  8.856230e-001  1.000000e+000  1.000000e+000  1.000000e+000              
    8 -7.000000e+000 -5.000000e+001    4    1  8.643680e-001  1.000000e+000  1.000000e+000  1.000000e+000              
    9 -8.000000e+000 -5.000000e+001    4    1  8.436240e-001  1.000000e+000  1.000000e+000  1.000000e+000              
   10 -9.000000e+000 -5.000000e+001    4    1  8.233770e-001  1.000000e+000  1.000000e+000  1.000000e+000              
   11 -1.000000e+001 -5.000000e+001    4    1  8.036160e-001  1.000000e+000  1.000000e+000  1.000000e+000              
   12 -1.100000e+001 -5.000000e+001    4    1  7.843290e-001  1.000000e+000  1.000000e+000  1.000000e+000              
   13 -1.200000e+001 -5.000000e+001    4    1  7.655050e-001  1.000000e+000  1.000000e+000  1.000000e+000              
   14 -1.300000e+001 -5.000000e+001    4    1  7.471330e-001  1.000000e+000  1.000000e+000  1.000000e+000              
   15 -1.400000e+001 -5.000000e+001    4    1  7.292020e-001  1.000000e+000  1.000000e+000  1.000000e+000              
   16 -1.500000e+001 -5.000000e+001    4    1  7.117010e-001  1.000000e+000  1.000000e+000  1.000000e+000              
   17 -1.600000e+001 -5.000000e+001    4    1  6.946200e-001  1.000000e+000  1.000000e+000  1.000000e+000              
   18 -1.700000e+001 -5.000000e+001    4    1  6.779490e-001  1.000000e+000  1.000000e+000  1.000000e+000              
   19 -1.800000e+001 -5.000000e+001    4    1  6.616780e-001  1.000000e+000  1.000000e+000  1.000000e+000              
   20 -1.900000e+001 -5.000000e+001    4    1  6.457980e-001  1.000000e+000  1.000000e+000  1.000000e+000              
   21 -2.000000e+001 -5.000000e+001    4    1  6.302990e-001  1.000000e+000  1.000000e+000  1.000000e+000              
   22 -2.100000e+001 -5.000000e+001    4    1  6.151720e-001  1.000000e+000  1.000000e+000  1.000000e+000              
   23 -2.200000e+001 -5.000000e+001    4    1  6.004080e-001  1.000000e+000  1.000000e+000  1.000000e+000              
   24 -2.300000e+001 -5.000000e+001    4    1  5.859980e-001  1.000000e+000  1.000000e+000  1.000000e+000              
   25 -2.400000e+001 -5.000000e+001    4    1  5.719340e-001  1.000000e+000  1.000000e+000  1.000000e+000              
   26 -2.500000e+001 -5.000000e+001    4    1  5.582080e-001  1.000000e+000  1.000000e+000  1.000000e+000              
   27 -2.600000e+001 -5.000000e+001    4    1  5.448100e-001  1.000000e+000  1.000000e+000  1.000000e+000              
   28 -2.700000e+001 -5.000000e+001    4    1  5.317350e-001  1.000000e+000  1.000000e+000  1.000000e+000              
   29 -2.800000e+001 -5.000000e+001    4    1  5.189730e-001  1.000000e+000  1.000000e+000  1.000000e+000              
   30 -2.900000e+001 -5.000000e+001    4    1  5.065180e-001  1.000000e+000  1.000000e+000  1.000000e+000              
   31 -3.000000e+001 -5.000000e+001    4    1  4.943620e-001  1.000000e+000  1.000000e+000  1.000000e+000              
   32 -3.100000e+001 -5.000000e+001    1    1  4.824970e-001  1.000000e+000  1.000000e+000  1.000000e+000              
   33 -3.200000e+001 -5.000000e+001    1    1  4.709170e-001  1.000000e+000  1.000000e+000  1.000000e+000              
   34 -3.300000e+001 -5.000000e+001    1    1  4.596150e-001  1.000000e+000  1.000000e+000  1.000000e+000              
   35 -3.400000e+001 -5.000000e+001    1    1  4.485840e-001  1.000000e+000  1.000000e+000  1.000000e+000              
   36 -3.500000e+001 -5.000000e+001    1    1  4.378180e-001  1.000000e+000  1.000000e+000  1.000000e+000              
   37 -3.600000e+001 -5.000000e+001    1    1  4.273110e-001  1.000000e+000  1.000000e+000  1.000000e+000              
   38 -3.700000e+001 -5.000000e+001    1    1  4.170550e-001  1.000000e+000  1.000000e+000  1.000000e+000              
   39 -3.800000e+001 -5.000000e+001    1    1  4.070460e-001  1.000000e+000  1.000000e+000  1.000000e+000              
   40 -3.900000e+001 -5.000000e+001    1    1  3.972770e-001  1.000000e+000  1.000000e+000  1.000000e+000              
   41 -4.000000e+001 -5.000000e+001    1    1  3.877420e-001  1.000000e+000  1.000000e+000  1.000000e+000              
   42 -4.100000e+001 -5.000000e+001    1    1  3.784360e-001  1.000000e+000  1.000000e+000  1.000000e+000              
   43 -4.200000e+001 -5.000000e+001    1    1  3.693540e-001  1.000000e+000  1.000000e+000  1.000000e+000              
   44 -4.300000e+001 -5.000000e+001    1    1  3.604890e-001  1.000000e+000  1.000000e+000  1.000000e+000              
   45 -4.400000e+001 -5.000000e+001    1    1  3.518370e-001  1.000000e+000  1.000000e+000  1.000000e+000              
   46 -4.500000e+001 -5.000000e+001    1    1  3.433930e-001  1.000000e+000  1.000000e+000  1.000000e+000              
   47 -4.600000e+001 -5.000000e+001    1    1  3.351520e-001  1.000000e+000  1.000000e+000  1.000000e+000              
   48 -4.700000e+001 -5.000000e+001    1    1  3.271080e-001  1.000000e+000  1.000000e+000  1.000000e+000              
   49 -4.800000e+001 -5.000000e+001    1    1  3.192580e-001  1.000000e+000  1.000000e+000  1.000000e+000              
   50 -4.900000e+001 -5.000000e+001    1    1  3.115960e-001  1.000000e+000  1.000000e+000  1.000000e+000              
   51 -5.000000e+001 -5.000000e+001    1    1  3.041170e-001  1.000000e+000  1.000000e+000  1.000000e+000              
   52 -5.100000e+001 -5.000000e+001    1    1  2.968180e-001  1.000000e+000  1.000000e+000  1.000000e+000              
   53 -5.200000e+001 -5.000000e+001    1    1  2.896950e-001  1.000000e+000  1.000000e+000  1.000000e+000              
   54 -5.300000e+001 -5.000000e+001    1    1  2.827420e-001  1.000000e+000  1.000000e+000  1.000000e+000              
   55 -5.400000e+001 -5.000000e+001    1    1  2.759560e-001  1.000000e+000  1.000000e+000  1.000000e+000              
   56 -5.500000e+001 -5.000000e+001    1    1  2.693330e-001  1.000000e+000  1.000000e+000  1.000000e+000              
   57 -5.600000e+001 -5.000000e+001    1    1  2.628690e-001  1.000000e+000  1.000000e+000  1.000000e+000              
   58 -5.700000e+001 -5.000000e+001    1    1  2.565610e-001  1.000000e+000  1.000000e+000  1.000000e+000              
   59 -5.800000e+001 -5.000000e+001    1    1  2.504030e-001  1.000000e+000  1.000000e+000  1.000000e+000              
   60 -5.900000e+001 -5.000000e+001    1    1  2.443930e-001  1.000000e+000  1.000000e+000  1.000000e+000              
   61 -6.000000e+001 -5.000000e+001    1    1  2.385280e-001  1.000000e+000  1.000000e+000  1.000000e+000              
   62 -6.100000e+001 -5.000000e+001    1    1  2.328030e-001  1.000000e+000  1.000000e+000  1.000000e+000              
   63 -6.200000e+001 -5.000000e+001    1    1  2.272160e-001  1.000000e+000  1.000000e+000  1.000000e+000              
   64 -6.300000e+001 -5.000000e+001    1    1  2.217630e-001  1.000000e+000  1.000000e+000  1.000000e+000              
   65 -6.400000e+001 -5.000000e+001    1    1  2.164400e-001  1.000000e+000  1.000000e+000  1.000000e+000              
   66 -6.500000e+001 -5.000000e+001    1    1  2.112460e-001  1.000000e+000  1.000000e+000  1.000000e+000              
   67 -6.600000e+001 -5.000000e+001    1    1  2.061760e-001  1.000000e+000  1.000000e+000  1.000000e+000              
   68 -6.700000e+001 -5.000000e+001    1    1  2.012280e-001  1.000000e+000  1.000000e+000  1.000000e+000              
   69 -6.800000e+001 -5.000000e+001    1    1  1.963980e-001  1.000000e+000  1.000000e+000  1.000000e+000              
   70 -6.900000e+001 -5.000000e+001    1    1  1.916850e-001  1.000000e+000  1.000000e+000  1.000000e+000              
   71 -7.000000e+001 -5.000000e+001    1    1  1.870840e-001  1.000000e+000  1.000000e+000  1.000000e+000              
   72 -7.100000e+001 -5.000000e+001    1    1  1.825940e-001  1.000000e+000  1.000000e+000  1.000000e+000              
   73 -7.200000e+001 -5.000000e+001    1    1  1.782120e-001  1.000000e+000  1.000000e+000  1.000000e+000              
   74 -7.300000e+001 -5.000000e+001    1    1  1.739350e-001  1.000000e+000  1.000000e+000  1.000000e+000              
   75 -7.400000e+001 -5.000000e+001    1    1  1.697600e-001  1.000000e+000  1.000000e+000  1.000000e+000              
   76 -7.500000e+001 -5.000000e+001    1    1  1.656860e-001  1.000000e+000  1.000000e+000  1.000000e+000              
   77 -7.600000e+001 -5.000000e+001    1    1  1.617100e-001  1.000000e+000  1.000000e+000  1.000000e+000              
   78 -7.700000e+001 -5.000000e+001    1    1  1.578290e-001  1.000000e+000  1.000000e+000  1.000000e+000              
   79 -7.800000e+001 -5.000000e+001    1    1  1.540410e-001  1.000000e+000  1.000000e+000  1.000000e+000              
   80 -7.900000e+001 -5.000000e+001    1    1  1.503440e-001  1.000000e+000  1.000000e+000  1.000000e+000              
   81 -8.000000e+001 -5.000000e+001    1    1  1.467360e-001  1.000000e+000  1.000000e+000  1.000000e+000              
   82 -8.100000e+001 -5.000000e+001    1    1  1.432140e-001  1.000000e+000  1.000000e+000  1.000000e+000              
   83 -8.200000e+001 -5.000000e+001    1    1  1.397770e-001  1.000000e+000  1.000000e+000  1.000000e+000              
   84 -8.300000e+001 -5.000000e+001    1    1  1.364220e-001  1.000000e+000  1.000000e+000  1.000000e+000              
   85 -8.400000e+001 -5.000000e+001    1    1  1.331480e-001  1.000000e+000  1.000000e+000  1.000000e+000              
   86 -8.500000e+001 -5.000000e+001    1    1  1.299530e-001  1.000000e+000  1.000000e+000  1.000000e+000              
   87 -8.600000e+001 -5.000000e+001    1    1  1.268340e-001  1.000000e+000  1.000000e+000  1.000000e+000              
   88 -8.700000e+001 -5.000000e+001    1    1  1.237900e-001  1.000000e+000  1.000000e+000  1.000000e+000              
   89 -8.800000e+001 -5.000000e+001    1    1  1.208190e-001  1.000000e+000  1.000000e+000  1.000000e+000              
   90 -8.900000e+001 -5.000000e+001    1    1  1.179190e-001  1.000000e+000  1.000000e+000  1.000000e+000              
   91 -9.000000e+001 -5.000000e+001    1    1  1.150890e-001  1.000000e+000  1.000000e+000  1.000000e+000              
   92 -9.100000e+001 -5.000000e+001    1    1  1.123270e-001  1.000000e+000  1.000000e+000  1.000000e+000              
   93 -9.200000e+001 -5.000000e+001    1    1  1.096310e-001  1.000000e+000  1.000000e+000  1.000000e+000              
   94 -9.300000e+001 -5.000000e+001    1    1  1.070000e-001  1.000000e+000  1.000000e+000  1.000000e+000              
   95 -9.400000e+001 -5.000000e+001    1    1  1.044320e-001  1.000000e+000  1.000000e+000  1.000000e+000              
   96 -9.500000e+001 -5.000000e+001    1    1  1.019250e-001  1.000000e+000  1.000000e+000  1.000000e+000              
   97 -9.600000e+001 -5.000000e+001    1    1  9.947930e-002  1.000000e+000  1.000000e+000  1.000000e+000              
   98 -9.700000e+001 -5.000000e+001    1    1  9.709180e-002  1.000000e+000  1.000000e+000  1.000000e+000              
   99 -9.800000e+001 -5.000000e+001    1    1  9.476160e-002  1.000000e+000  1.000000e+000  1.000000e+000              
  100 -9.900000e+001 -5.000000e+001    1    1  9.248730e-002  1.000000e+000  1.000000e+000  1.000000e+000              
  101 -1.000000e+002 -5.000000e+001    1    1  9.026760e-002  1.000000e+000  1.000000e+000  1.000000e+000              
  102 -1.010000e+002 -5.000000e+001    1    1  8.810120e-002  1.000000e+000  1.000000e+000  1.000000e+000              
  103 -1.020000e+002 -5.000000e+001    1    1  8.598680e-002  1.000000e+000  1.000000e+000  1.000000e+000              
  104 -1.030000e+002 -5.000000e+001    1    1  8.392310e-002  1.000000e+000  1.000000e+000  1.000000e+000              
  105 -1.040000e+002 -5.000000e+001    1    1  8.190890e-002  1.000000e+000  1.000000e+000  1.000000e+000              
  106 -1.050000e+002 -5.000000e+001    1    1  7.994310e-002  1.000000e+000  1.000000e+000  1.000000e+000              
  107 -1.060000e+002 -5.000000e+001    1    1  7.802450e-002  1.000000e+000  1.000000e+000  1.000000e+000              
  108 -1.070000e+002 -5.000000e+001    1    1  7.615190e-002  1.000000e+000  1.000000e+000  1.000000e+000              
  109 -1.080000e+002 -5.000000e+001    1    1  7.432420e-002  1.000000e+000  1.000000e+000  1.000000e+000              
  110 -1.090000e+002 -5.000000e+001    1    1  7.254050e-002  1.000000e+000  1.000000e+000  1.000000e+000              
  111 -1.100000e+002 -5.000000e+001    1    1  7.079950e-002  1.000000e+000  1.000000e+000  1.000000e+000              
  112 -1.110000e+002 -5.000000e+001    1    1  6.910030e-002  1.000000e+000  1.000000e+000  1.000000e+000              
  113 -1.120000e+002 -5.000000e+001    1    1  6.744190e-002  1.000000e+000  1.000000e+000  1.000000e+000              
  114 -1.130000e+002 -5.000000e+001    1    1  6.582330e-002  1.000000e+000  1.000000e+000  1.000000e+000              
  115 -1.140000e+002 -5.000000e+001    1    1  6.424350e-002  1.000000e+000  1.000000e+000  1.000000e+000              
  116 -1.150000e+002 -5.000000e+001    1    1  6.270170e-002  1.000000e+000  1.000000e+000  1.000000e+000              
  117 -1.160000e+002 -5.000000e+001    1    1  6.119680e-002  1.000000e+000  1.000000e+000  1.000000e+000              
  118 -1.170000e+002 -5.000000e+001    1    1  5.972810e-002  1.000000e+000  1.000000e+000  1.000000e+000              
  119 -1.180000e+002 -5.000000e+001    1    1  5.829470e-002  1.000000e+000  1.000000e+000  1.000000e+000              
  120 -1.190000e+002 -5.000000e+001    1    1  5.689560e-002  1.000000e+000  1.000000e+000  1.000000e+000              
  121 -1.200000e+002 -5.000000e+001    1    1  5.553010e-002  1.000000e+000  1.000000e+000  1.000000e+000              
  122 -1.210000e+002 -5.000000e+001    1    1  5.419740e-002  1.000000e+000  1.000000e+000  1.000000e+000              
  123 -1.220000e+002 -5.000000e+001    1    1  5.289660e-002  1.000000e+000  1.000000e+000  1.000000e+000              
  124 -1.230000e+002 -5.000000e+001    1    1  5.162710e-002  1.000000e+000  1.000000e+000  1.000000e+000              
  125 -1.240000e+002 -5.000000e+001    1    1  5.038800e-002  1.000000e+000  1.000000e+000  1.000000e+000              
  126 -1.250000e+002 -5.000000e+001    1    1  4.917870e-002  1.000000e+000  1.000000e+000  1.000000e+000              
  127 -1.260000e+002 -5.000000e+001    1    1  4.799850e-002  1.000000e+000  1.000000e+000  1.000000e+000              
  128 -1.270000e+002 -5.000000e+001    1    1  4.684650e-002  1.000000e+000  1.000000e+000  1.000000e+000              
  129 -1.280000e+002 -5.000000e+001    1    1  4.572220e-002  1.000000e+000  1.000000e+000  1.000000e+000              
  130 -1.290000e+002 -5.000000e+001    1    1  4.462480e-002  1.000000e+000  1.000000e+000  1.000000e+000              
  131 -1.300000e+002 -5.000000e+001    1    1  4.355380e-002  1.000000e+000  1.000000e+000  1.000000e+000              
  132 -1.310000e+002 -5.000000e+001    1    1  4.250850e-002  1.000000e+000  1.000000e+000  1.000000e+000              
  133 -1.320000e+002 -5.000000e+001    1    1  4.148830e-002  1.000000e+000  1.000000e+000  1.000000e+000              
  134 -1.330000e+002 -5.000000e+001    1    1  4.049260e-002  1.000000e+000  1.000000e+000  1.000000e+000              
  135 -1.340000e+002 -5.000000e+001    1    1  3.952080e-002  1.000000e+000  1.000000e+000  1.000000e+000              
  136 -1.350000e+002 -5.000000e+001    1    1  3.857230e-002  1.000000e+000  1.000000e+000  1.000000e+000              
  137 -1.360000e+002 -5.000000e+001    1    1  3.764660e-002  1.000000e+000  1.000000e+000  1.000000e+000              
  138 -1.370000e+002 -5.000000e+001    1    1  3.674300e-002  1.000000e+000  1.000000e+000  1.000000e+000              
  139 -1.380000e+002 -5.000000e+001    1    1  3.586120e-002  1.000000e+000  1.000000e+000  1.000000e+000              
  140 -1.390000e+002 -5.000000e+001    1    1  3.500060e-002  1.000000e+000  1.000000e+000  1.000000e+000              
  141 -1.400000e+002 -5.000000e+001    1    1  3.416050e-002  1.000000e+000  1.000000e+000  1.000000e+000              
  142 -1.410000e+002 -5.000000e+001    2    1  3.334070e-002  1.000000e+000  1.000000e+000  1.000000e+000              
  143 -1.420000e+002 -5.000000e+001    2    1  3.254050e-002  1.000000e+000  1.000000e+000  1.000000e+000              
  144 -1.430000e+002 -5.000000e+001    2    1  3.175950e-002  1.000000e+000  1.000000e+000  1.000000e+000              
  145 -1.440000e+002 -5.000000e+001    2    1  3.099730e-002  1.000000e+000  1.000000e+000  1.000000e+000              
  146 -1.450000e+002 -5.000000e+001    2    1  3.025340e-002  1.000000e+000  1.000000e+000  1.000000e+000              
  147 -1.460000e+002 -5.000000e+001    2    1  2.952730e-002  1.000000e+000  1.000000e+000  1.000000e+000              
  148 -1.470000e+002 -5.000000e+001    2    1  2.881860e-002  1.000000e+000  1.000000e+000  1.000000e+000              
  149 -1.480000e+002 -5.000000e+001    2    1  2.812700e-002  1.000000e+000  1.000000e+000  1.000000e+000              
  150 -1.490000e+002 -5.000000e+001    2    1  2.745190e-002  1.000000e+000  1.000000e+000  1.000000e+000              
  151 -1.500000e+002 -5.000000e+001    2    1  2.679310e-002  1.000000e+000  1.000000e+000  1.000000e+000              
  152 -1.510000e+002 -5.000000e+001    2    1  2.615010e-002  1.000000e+000  1.000000e+000  1.000000e+000              
  153 -1.520000e+002 -5.000000e+001    2    1  2.552250e-002  1.000000e+000  1.000000e+000  1.000000e+000              
  154 -1.530000e+002 -5.000000e+001    2    1  2.490990e-002  1.000000e+000  1.000000e+000  1.000000e+000              
  155 -1.540000e+002 -5.000000e+001    2    1  2.431210e-002  1.000000e+000  1.000000e+000  1.000000e+000              
  156 -1.550000e+002 -5.000000e+001    2    1  2.372860e-002  1.000000e+000  1.000000e+000  1.000000e+000              
  157 -1.560000e+002 -5.000000e+001    2    1  2.315910e-002  1.000000e+000  1.000000e+000  1.000000e+000              
  158 -1.570000e+002 -5.000000e+001    2    1  2.260330e-002  1.000000e+000  1.000000e+000  1.000000e+000              
  159 -1.580000e+002 -5.000000e+001    2    1  2.206080e-002  1.000000e+000  1.000000e+000  1.000000e+000              
  160 -1.590000e+002 -5.000000e+001    2    1  2.153140e-002  1.000000e+000  1.000000e+000  1.000000e+000              
  161 -1.600000e+002 -5.000000e+001    2    1  2.101460e-002  1.000000e+000  1.000000e+000  1.000000e+000              
  162 -1.610000e+002 -5.000000e+001    2    1  2.051020e-002  1.000000e+000  1.000000e+000  1.000000e+000              
  163 -1.620000e+002 -5.000000e+001    2    1  2.001800e-002  1.000000e+000  1.000000e+000  1.000000e+000              
  164 -1.630000e+002 -5.000000e+001    2    1  1.953760e-002  1.000000e+000  1.000000e+000  1.000000e+000              
  165 -1.640000e+002 -5.000000e+001    2    1  1.906870e-002  1.000000e+000  1.000000e+000  1.000000e+000              
  166 -1.650000e+002 -5.000000e+001    2    1  1.861100e-002  1.000000e+000  1.000000e+000  1.000000e+000              
  167 -1.660000e+002 -5.000000e+001    2    1  1.816430e-002  1.000000e+000  1.000000e+000  1.000000e+000              
  168 -1.670000e+002 -5.000000e+001    2    1  1.772840e-002  1.000000e+000  1.000000e+000  1.000000e+000              
  169 -1.680000e+002 -5.000000e+001    2    1  1.730290e-002  1.000000e+000  1.000000e+000  1.000000e+000              
  170 -1.690000e+002 -5.000000e+001    2    1  1.688770e-002  1.000000e+000  1.000000e+000  1.000000e+000              
  171 -1.700000e+002 -5.000000e+001    2    1  1.648230e-002  1.000000e+000  1.000000e+000  1.000000e+000              
  172 -1.710000e+002 -5.000000e+001    2    1  1.608680e-002  1.000000e+000  1.000000e+000  1.000000e+000              
  173 -1.720000e+002 -5.000000e+001    2    1  1.570070e-002  1.000000e+000  1.000000e+000  1.000000e+000              
  174 -1.730000e+002 -5.000000e+001    2    1  1.532390e-002  1.000000e+000  1.000000e+000  1.000000e+000              
  175 -1.740000e+002 -5.000000e+001    2    1  1.495610e-002  1.000000e+000  1.000000e+000  1.000000e+000              
  176 -1.750000e+002 -5.000000e+001    2    1  1.459720e-002  1.000000e+000  1.000000e+000  1.000000e+000              
  177 -1.760000e+002 -5.000000e+001    2    1  1.424680e-002  1.000000e+000  1.000000e+000  1.000000e+000              
  178 -1.770000e+002 -5.000000e+001    2    1  1.390490e-002  1.000000e+000  1.000000e+000  1.000000e+000              
  179 -1.780000e+002 -5.000000e+001    2    1  1.357120e-002  1.000000e+000  1.000000e+000  1.000000e+000              
  180 -1.790000e+002 -5.000000e+001    2    1  1.324550e-002  1.000000e+000  1.000000e+000  1.000000e+000              
  181 -1.800000e+002 -5.000000e+001    2    1  1.292760e-002  1.000000e+000  1.000000e+000  1.000000e+000              
  182 -1.810000e+002 -5.000000e+001    2    1  1.261730e-002  1.000000e+000  1.000000e+000  1.000000e+000              
  183 -1.820000e+002 -5.000000e+001    2    1  1.231450e-002  1.000000e+000  1.000000e+000  1.000000e+000              
  184 -1.830000e+002 -5.000000e+001    2    1  1.201900e-002  1.000000e+000  1.000000e+000  1.000000e+000              
  185 -1.840000e+002 -5.000000e+001    2    1  1.173050e-002  1.000000e+000  1.000000e+000  1.000000e+000              
  186 -1.850000e+002 -5.000000e+001    2    1  1.144900e-002  1.000000e+000  1.000000e+000  1.000000e+000              
  187 -1.860000e+002 -5.000000e+001    2    1  1.117420e-002  1.000000e+000  1.000000e+000  1.000000e+000              
  188 -1.870000e+002 -5.000000e+001    2    1  1.090600e-002  1.000000e+000  1.000000e+000  1.000000e+000              
  189 -1.880000e+002 -5.000000e+001    2    1  1.064430e-002  1.000000e+000  1.000000e+000  1.000000e+000              
  190 -1.890000e+002 -5.000000e+001    2    1  1.038880e-002  1.000000e+000  1.000000e+000  1.000000e+000              
  191 -1.900000e+002 -5.000000e+001    2    1  1.013950e-002  1.000000e+000  1.000000e+000  1.000000e+000              
  192 -1.910000e+002 -5.000000e+001    2    1  9.896130e-003  1.000000e+000  1.000000e+000  1.000000e+000              
  193 -1.920000e+002 -5.000000e+001    2    1  9.658620e-003  1.000000e+000  1.000000e+000  1.000000e+000              
  194 -1.930000e+002 -5.000000e+001    2    1  9.426820e-003  1.000000e+000  1.000000e+000  1.000000e+000              
  195 -1.940000e+002 -5.000000e+001    2    1  9.200570e-003  1.000000e+000  1.000000e+000  1.000000e+000              
  196 -1.950000e+002 -5.000000e+001    2    1  8.979760e-003  1.000000e+000  1.000000e+000  1.000000e+000              
  197 -1.960000e+002 -5.000000e+001    2    1  8.764240e-003  1.000000e+000  1.000000e+000  1.000000e+000              
  198 -1.970000e+002 -5.000000e+001    2    1  8.553900e-003  1.000000e+000  1.000000e+000  1.000000e+000              
  199 -1.980000e+002 -5.000000e+001    2    1  8.348610e-003  1.000000e+000  1.000000e+000  1.000000e+000              
  200 -1.990000e+002 -5.000000e+001    2    1  8.148240e-003  1.000000e+000  1.000000e+000  1.000000e+000              
  201 -2.000000e+002 -5.000000e+001    2    1  7.952680e-003  1.000000e+000  1.000000e+000  1.000000e+000              
  202 -2.010000e+002 -5.000000e+001    2    1  7.761820e-003  1.000000e+000  1.000000e+000  1.000000e+000              
  203 -2.020000e+002 -5.000000e+001    2    1  7.575540e-003  1.000000e+000  1.000000e+000  1.000000e+000              
  204 -2.030000e+002 -5.000000e+001    2    1  7.393720e-003  1.000000e+000  1.000000e+000  1.000000e+000              
  205 -2.040000e+002 -5.000000e+001    2    1  7.216270e-003  1.000000e+000  1.000000e+000  1.000000e+000              
  206 -2.050000e+002 -5.000000e+001    2    1  7.043080e-003  1.000000e+000  1.000000e+000  1.000000e+000              
  207 -2.060000e+002 -5.000000e+001    2    1  6.874050e-003  1.000000e+000  1.000000e+000  1.000000e+000              
  208 -2.070000e+002 -5.000000e+001    2    1  6.709070e-003  1.000000e+000  1.000000e+000  1.000000e+000              
  209 -2.080000e+002 -5.000000e+001    2    1  6.548050e-003  1.000000e+000  1.000000e+000  1.000000e+000              
  210 -2.090000e+002 -5.000000e+001    2    1  6.390900e-003  1.000000e+000  1.000000e+000  1.000000e+000              
  211 -2.100000e+002 -5.000000e+001    2    1  6.237520e-003  1.000000e+000  1.000000e+000  1.000000e+000              
  212 -2.110000e+002 -5.000000e+001    2    1  6.087820e-003  1.000000e+000  1.000000e+000  1.000000e+000              
  213 -2.120000e+002 -5.000000e+001    2    1  5.941710e-003  1.000000e+000  1.000000e+000  1.000000e+000              
  214 -2.130000e+002 -5.000000e+001    2    1  5.799110e-003  1.000000e+000  1.000000e+000  1.000000e+000              
  215 -2.140000e+002 -5.000000e+001    2    1  5.659930e-003  1.000000e+000  1.000000e+000  1.000000e+000              
  216 -2.150000e+002 -5.000000e+001    2    1  5.524090e-003  1.000000e+000  1.000000e+000  1.000000e+000              
  217 -2.160000e+002 -5.000000e+001    2    1  5.391510e-003  1.000000e+000  1.000000e+000  1.000000e+000              
  218 -2.170000e+002 -5.000000e+001    2    1  5.262120e-003  1.000000e+000  1.000000e+000  1.000000e+000              
  219 -2.180000e+002 -5.000000e+001    2    1  5.135830e-003  1.000000e+000  1.000000e+000  1.000000e+000              
  220 -2.190000e+002 -5.000000e+001    2    1  5.012570e-003  1.000000e+000  1.000000e+000  1.000000e+000              
  221 -2.200000e+002 -5.000000e+001    2    1  4.892270e-003  1.000000e+000  1.000000e+000  1.000000e+000              
  222 -2.210000e+002 -5.000000e+001    2    1  4.774850e-003  1.000000e+000  1.000000e+000  1.000000e+000              
  223 -2.220000e+002 -5.000000e+001    2    1  4.660250e-003  1.000000e+000  1.000000e+000  1.000000e+000              
  224 -2.230000e+002 -5.000000e+001    2    1  4.548410e-003  1.000000e+000  1.000000e+000  1.000000e+000              
  225 -2.240000e+002 -5.000000e+001    2    1  4.439250e-003  1.000000e+000  1.000000e+000  1.000000e+000              
  226 -2.250000e+002 -5.000000e+001    2    1  4.332700e-003  1.000000e+000  1.000000e+000  1.000000e+000              
  227 -2.260000e+002 -5.000000e+001    2    1  4.228720e-003  1.000000e+000  1.000000e+000  1.000000e+000              
  228 -2.270000e+002 -5.000000e+001    2    1  4.127230e-003  1.000000e+000  1.000000e+000  1.000000e+000              
  229 -2.280000e+002 -5.000000e+001    2    1  4.028180e-003  1.000000e+000  1.000000e+000  1.000000e+000              
  230 -2.290000e+002 -5.000000e+001    2    1  3.931500e-003  1.000000e+000  1.000000e+000  1.000000e+000              
  231 -2.300000e+002 -5.000000e+001    2    1  3.837140e-003  1.000000e+000  1.000000e+000  1.000000e+000              
  232 -2.310000e+002 -5.000000e+001    2    1  3.745050e-003  1.000000e+000  1.000000e+000  1.000000e+000              
  233 -2.320000e+002 -5.000000e+001    2    1  3.655170e-003  1.000000e+000  1.000000e+000  1.000000e+000              
  234 -2.330000e+002 -5.000000e+001    2    1  3.567450e-003  1.000000e+000  1.000000e+000  1.000000e+000              
  235 -2.340000e+002 -5.000000e+001    2    1  3.481830e-003  1.000000e+000  1.000000e+000  1.000000e+000              
  236 -2.350000e+002 -5.000000e+001    2    1  3.398270e-003  1.000000e+000  1.000000e+000  1.000000e+000              
  237 -2.360000e+002 -5.000000e+001    2    1  3.316710e-003  1.000000e+000  1.000000e+000  1.000000e+000              
  238 -2.370000e+002 -5.000000e+001    2    1  3.237110e-003  1.000000e+000  1.000000e+000  1.000000e+000              
  239 -2.380000e+002 -5.000000e+001    2    1  3.159420e-003  1.000000e+000  1.000000e+000  1.000000e+000              
  240 -2.390000e+002 -5.000000e+001    2    1  3.083590e-003  1.000000e+000  1.000000e+000  1.000000e+000              
  241 -2.400000e+002 -5.000000e+001    2    1  3.009580e-003  1.000000e+000  1.000000e+000  1.000000e+000              
  242 -2.410000e+002 -5.000000e+001    2    1  2.937350e-003  1.000000e+000  1.000000e+000  1.000000e+000              
  243 -2.420000e+002 -5.000000e+001    2    1  2.866860e-003  1.000000e+000  1.000000e+000  1.000000e+000              
  244 -2.430000e+002 -5.000000e+001    2    1  2.798050e-003  1.000000e+000  1.000000e+000  1.000000e+000              
  245 -2.440000e+002 -5.000000e+001    2    1  2.730900e-003  1.000000e+000  1.000000e+000  1.000000e+000              
  246 -2.450000e+002 -5.000000e+001    2    1  2.665360e-003  1.000000e+000  1.000000e+000  1.000000e+000              
  247 -2.460000e+002 -5.000000e+001    2    1  2.601390e-003  1.000000e+000  1.000000e+000  1.000000e+000              
  248 -2.470000e+002 -5.000000e+001    2    1  2.538960e-003  1.000000e+000  1.000000e+000  1.000000e+000              
  249 -2.480000e+002 -5.000000e+001    2    1  2.478020e-003  1.000000e+000  1.000000e+000  1.000000e+000              
  250 -2.490000e+002 -5.000000e+001    2    1  2.418550e-003  1.000000e+000  1.000000e+000  1.000000e+000              
  251 -2.500000e+002 -5.000000e+001    2    1  2.360500e-003  1.000000e+000  1.000000e+000  1.000000e+000              
  252 -2.510000e+002 -5.000000e+001    2    1  2.303850e-003  1.000000e+000  1.000000e+000  1.000000e+000              
  253 -2.520000e+002 -5.000000e+001    2    1  2.248560e-003  1.000000e+000  1.000000e+000  1.000000e+000              
  254 -2.530000e+002 -5.000000e+001    2    1  2.194590e-003  1.000000e+000  1.000000e+000  1.000000e+000              
  255 -2.540000e+002 -5.000000e+001    2    1  2.141920e-003  1.000000e+000  1.000000e+000  1.000000e+000              
  256 -2.550000e+002 -5.000000e+001    2    1  2.090520e-003  1.000000e+000  1.000000e+000  1.000000e+000              
  257 -2.560000e+002 -5.000000e+001    2    1  2.040340e-003  1.000000e+000  1.000000e+000  1.000000e+000              
  258 -2.570000e+002 -5.000000e+001    2    1  1.991380e-003  1.000000e+000  1.000000e+000  1.000000e+000              
  259 -2.580000e+002 -5.000000e+001    2    1  1.943580e-003  1.000000e+000  1.000000e+000  1.000000e+000              
  260 -2.590000e+002 -5.000000e+001    2    1  1.896940e-003  1.000000e+000  1.000000e+000  1.000000e+000              
  261 -2.600000e+002 -5.000000e+001    2    1  1.851410e-003  1.000000e+000  1.000000e+000  1.000000e+000              
  262 -2.610000e+002 -5.000000e+001    2    1  1.806980e-003  1.000000e+000  1.000000e+000  1.000000e+000              
  263 -2.620000e+002 -5.000000e+001    2    1  1.763610e-003  1.000000e+000  1.000000e+000  1.000000e+000              
  264 -2.630000e+002 -5.000000e+001    2    1  1.721280e-003  1.000000e+000  1.000000e+000  1.000000e+000              
  265 -2.640000e+002 -5.000000e+001    2    1  1.679970e-003  1.000000e+000  1.000000e+000  1.000000e+000              
  266 -2.650000e+002 -5.000000e+001    2    1  1.639650e-003  1.000000e+000  1.000000e+000  1.000000e+000              
  267 -2.660000e+002 -5.000000e+001    2    1  1.600300e-003  1.000000e+000  1.000000e+000  1.000000e+000              
  268 -2.670000e+002 -5.000000e+001    2    1  1.561890e-003  1.000000e+000  1.000000e+000  1.000000e+000              
  269 -2.680000e+002 -5.000000e+001    2    1  1.524410e-003  1.000000e+000  1.000000e+000  1.000000e+000              
  270 -2.690000e+002 -5.000000e+001    2    1  1.487820e-003  1.000000e+000  1.000000e+000  1.000000e+000              
  271 -2.700000e+002 -5.000000e+001    2    1  1.452120e-003  1.000000e+000  1.000000e+000  1.000000e+000              
  272 -2.710000e+002 -5.000000e+001    2    1  1.417260e-003  1.000000e+000  1.000000e+000  1.000000e+000              
  273 -2.720000e+002 -5.000000e+001    2    1  1.383250e-003  1.000000e+000  1.000000e+000  1.000000e+000              
  274 -2.730000e+002 -5.000000e+001    2    1  1.350050e-003  1.000000e+000  1.000000e+000  1.000000e+000              
  275 -2.740000e+002 -5.000000e+001    2    1  1.317650e-003  1.000000e+000  1.000000e+000  1.000000e+000              
  276 -2.750000e+002 -5.000000e+001    2    1  1.286030e-003  1.000000e+000  1.000000e+000  1.000000e+000              
  277 -2.760000e+002 -5.000000e+001    2    1  1.255160e-003  1.000000e+000  1.000000e+000  1.000000e+000              
  278 -2.770000e+002 -5.000000e+001    2    1  1.225040e-003  1.000000e+000  1.000000e+000  1.000000e+000              
  279 -2.780000e+002 -5.000000e+001    2    1  1.195640e-003  1.000000e+000  1.000000e+000  1.000000e+000              
  280 -2.790000e+002 -5.000000e+001    2    1  1.166940e-003  1.000000e+000  1.000000e+000  1.000000e+000              
  281 -2.800000e+002 -5.000000e+001    2    1  1.138930e-003  1.000000e+000  1.000000e+000  1.000000e+000              
  282 -2.810000e+002 -5.000000e+001    2    1  1.111600e-003  1.000000e+000  1.000000e+000  1.000000e+000              
  283 -2.820000e+002 -5.000000e+001    2    1  1.084920e-003  1.000000e+000  1.000000e+000  1.000000e+000              
  284 -2.830000e+002 -5.000000e+001    2    1  1.058880e-003  1.000000e+000  1.000000e+000  1.000000e+000              
  285 -2.840000e+002 -5.000000e+001    2    1  1.033470e-003  1.000000e+000  1.000000e+000  1.000000e+000              
  286 -2.850000e+002 -5.000000e+001    2    1  1.008670e-003  1.000000e+000  1.000000e+000  1.000000e+000              
  287 -2.860000e+002 -5.000000e+001    2    1  9.844600e-004  1.000000e+000  1.000000e+000  1.000000e+000              
  288 -2.870000e+002 -5.000000e+001    2    1  9.608330e-004  1.000000e+000  1.000000e+000  1.000000e+000              
  289 -2.880000e+002 -5.000000e+001    2    1  9.377730e-004  1.000000e+000  1.000000e+000  1.000000e+000              
  290 -2.890000e+002 -5.000000e+001    2    1  9.152660e-004  1.000000e+000  1.000000e+000  1.000000e+000              
  291 -2.900000e+002 -5.000000e+001    2    1  8.933000e-004  1.000000e+000  1.000000e+000  1.000000e+000              
  292 -2.910000e+002 -5.000000e+001    2    1  8.718610e-004  1.000000e+000  1.000000e+000  1.000000e+000              
  293 -2.920000e+002 -5.000000e+001    2    1  8.509360e-004  1.000000e+000  1.000000e+000  1.000000e+000              
  294 -2.930000e+002 -5.000000e+001    2    1  8.305140e-004  1.000000e+000  1.000000e+000  1.000000e+000              
  295 -2.940000e+002 -5.000000e+001    2    1  8.105810e-004  1.000000e+000  1.000000e+000  1.000000e+000              
  296 -2.950000e+002 -5.000000e+001    2    1  7.911270e-004  1.000000e+000  1.000000e+000  1.000000e+000              
  297 -2.960000e+002 -5.000000e+001    2    1  7.721400e-004  1.000000e+000  1.000000e+000  1.000000e+000              
  298 -2.970000e+002 -5.000000e+001    2    1  7.536090e-004  1.000000e+000  1.000000e+000  1.000000e+000              
  299 -2.980000e+002 -5.000000e+001    2    1  7.355220e-004  1.000000e+000  1.000000e+000  1.000000e+000              
  300 -2.990000e+002 -5.000000e+001    2    1  7.178700e-004  1.000000e+000  1.000000e+000  1.000000e+000              
  301 -3.000000e+002 -5.000000e+001    2    1  7.006410e-004  1.000000e+000  1.000000e+000  1.000000e+000              
  302 -3.010000e+002 -5.000000e+001    2    1  6.838260e-004  1.000000e+000  1.000000e+000  1.000000e+000              
  303 -3.020000e+002 -5.000000e+001    2    1  6.674140e-004  1.000000e+000  1.000000e+000  1.000000e+000              
  304 -3.030000e+002 -5.000000e+001    2    1  6.513960e-004  1.000000e+000  1.000000e+000  1.000000e+000              
  305 -3.040000e+002 -5.000000e+001    2    1  6.357620e-004  1.000000e+000  1.000000e+000  1.000000e+000              
  306 -3.050000e+002 -5.000000e+001    2    1  6.205040e-004  1.000000e+000  1.000000e+000  1.000000e+000              
  307 -3.060000e+002 -5.000000e+001    2    1  6.056120e-004  1.000000e+000  1.000000e+000  1.000000e+000              
  308 -3.070000e+002 -5.000000e+001    2    1  5.910770e-004  1.000000e+000  1.000000e+000  1.000000e+000              
  309 -3.080000e+002 -5.000000e+001    2    1  5.768910e-004  1.000000e+000  1.000000e+000  1.000000e+000              
  310 -3.090000e+002 -5.000000e+001    2    1  5.630460e-004  1.000000e+000  1.000000e+000  1.000000e+000              
  311 -3.100000e+002 -5.000000e+001    2    1  5.495330e-004  1.000000e+000  1.000000e+000  1.000000e+000              
  312 -3.110000e+002 -5.000000e+001    2    1  5.363440e-004  1.000000e+000  1.000000e+000  1.000000e+000              
  313 -3.120000e+002 -5.000000e+001    2    1  5.234720e-004  1.000000e+000  1.000000e+000  1.000000e+000              
  314 -3.130000e+002 -5.000000e+001    2    1  5.109080e-004  1.000000e+000  1.000000e+000  1.000000e+000              
  315 -3.140000e+002 -5.000000e+001    2    1  4.986470e-004  1.000000e+000  1.000000e+000  1.000000e+000              
  316 -3.150000e+002 -5.000000e+001    2    1  4.866790e-004  1.000000e+000  1.000000e+000  1.000000e+000              
  317 -3.160000e+002 -5.000000e+001    2    1  4.749990e-004  1.000000e+000  1.000000e+000  1.000000e+000              
  318 -3.170000e+002 -5.000000e+001    2    1  4.635990e-004  1.000000e+000  1.000000e+000  1.000000e+000              
  319 -3.180000e+002 -5.000000e+001    2    1  4.524730e-004  1.000000e+000  1.000000e+000  1.000000e+000              
  320 -3.190000e+002 -5.000000e+001    2    1  4.416130e-004  1.000000e+000  1.000000e+000  1.000000e+000              
  321 -3.200000e+002 -5.000000e+001    2    1  4.310140e-004  1.000000e+000  1.000000e+000  1.000000e+000              
  322 -3.210000e+002 -5.000000e+001    2    1  4.206700e-004  1.000000e+000  1.000000e+000  1.000000e+000              
  323 -3.220000e+002 -5.000000e+001    2    1  4.105740e-004  1.000000e+000  1.000000e+000  1.000000e+000              
  324 -3.230000e+002 -5.000000e+001    2    1  4.007200e-004  1.000000e+000  1.000000e+000  1.000000e+000              
  325 -3.240000e+002 -5.000000e+001    2    1  3.911030e-004  1.000000e+000  1.000000e+000  1.000000e+000              
  326 -3.250000e+002 -5.000000e+001    2    1  3.817160e-004  1.000000e+000  1.000000e+000  1.000000e+000              
  327 -3.260000e+002 -5.000000e+001    2    1  3.725550e-004  1.000000e+000  1.000000e+000  1.000000e+000              
  328 -3.270000e+002 -5.000000e+001    2    1  3.636140e-004  1.000000e+000  1.000000e+000  1.000000e+000              
  329 -3.280000e+002 -5.000000e+001    2    1  3.548870e-004  1.000000e+000  1.000000e+000  1.000000e+000              
  330 -3.290000e+002 -5.000000e+001    2    1  3.463700e-004  1.000000e+000  1.000000e+000  1.000000e+000              
  331 -3.300000e+002 -5.000000e+001    2    1  3.380570e-004  1.000000e+000  1.000000e+000  1.000000e+000              
  332 -3.310000e+002 -5.000000e+001    2    1  3.299440e-004  1.000000e+000  1.000000e+000  1.000000e+000              
  333 -3.320000e+002 -5.000000e+001    2    1  3.220250e-004  1.000000e+000  1.000000e+000  1.000000e+000              
  334 -3.330000e+002 -5.000000e+001    2    1  3.142970e-004  1.000000e+000  1.000000e+000  1.000000e+000              
  335 -3.340000e+002 -5.000000e+001    2    1  3.067530e-004  1.000000e+000  1.000000e+000  1.000000e+000              
  336 -3.350000e+002 -5.000000e+001    2    1  2.993910e-004  1.000000e+000  1.000000e+000  1.000000e+000              
  337 -3.360000e+002 -5.000000e+001    2    1  2.922060e-004  1.000000e+000  1.000000e+000  1.000000e+000              
  338 -3.370000e+002 -5.000000e+001    2    1  2.851930e-004  1.000000e+000  1.000000e+000  1.000000e+000              
  339 -3.380000e+002 -5.000000e+001    2    1  2.783480e-004  1.000000e+000  1.000000e+000  1.000000e+000              
  340 -3.390000e+002 -5.000000e+001    2    1  2.716680e-004  1.000000e+000  1.000000e+000  1.000000e+000              
  341 -3.400000e+002 -5.000000e+001    2    1  2.651480e-004  1.000000e+000  1.000000e+000  1.000000e+000              
  342 -3.410000e+002 -5.000000e+001    2    1  2.587840e-004  1.000000e+000  1.000000e+000  1.000000e+000              
  343 -3.420000e+002 -5.000000e+001    2    1  2.525730e-004  1.000000e+000  1.000000e+000  1.000000e+000              
  344 -3.430000e+002 -5.000000e+001    2    1  2.465120e-004  1.000000e+000  1.000000e+000  1.000000e+000              
  345 -3.440000e+002 -5.000000e+001    2    1  2.405960e-004  1.000000e+000  1.000000e+000  1.000000e+000              
  346 -3.450000e+002 -5.000000e+001    2    1  2.348210e-004  1.000000e+000  1.000000e+000  1.000000e+000              
  347 -3.460000e+002 -5.000000e+001    2    1  2.291860e-004  1.000000e+000  1.000000e+000  1.000000e+000              
  348 -3.470000e+002 -5.000000e+001    2    1  2.236850e-004  1.000000e+000  1.000000e+000  1.000000e+000              
  349 -3.480000e+002 -5.000000e+001    2    1  2.183170e-004  1.000000e+000  1.000000e+000  1.000000e+000              
  350 -3.490000e+002 -5.000000e+001    2    1  2.130770e-004  1.000000e+000  1.000000e+000  1.000000e+000              
  351 -3.500000e+002 -5.000000e+001    2    1  2.079630e-004  1.000000e+000  1.000000e+000  1.000000e+000              
  352 -3.510000e+002 -5.000000e+001    2    1  0.000000e+000  1.000000e+000  1.000000e+000  1.000000e+000              
  353 -3.520000e+002 -5.000000e+001    2    1  0.000000e+000  1.000000e+000  1.000000e+000  1.000000e+000              
  354 -3.530000e+002 -5.000000e+001    2    1  0.000000e+000  1.000000e+000  1.000000e+000  1.000000e+000              
  355 -3.540000e+002 -5.000000e+001    2    1  0.000000e+000  1.000000e+000  1.000000e+000  1.000000e+000              
  356 -3.550000e+002 -5.000000e+001    2    1  0.000000e+000  1.000000e+000  1.000000e+000  1.000000e+000              
  357 -3.560000e+002 -5.000000e+001    2    1  0.000000e+000  1.000000e+000  1.000000e+000  1.000000e+000              
  358 -3.570000e+002 -5.000000e+001    2    1  0.000000e+000  1.000000e+000  1.000000e+000  1.000000e+000              
  359 -3.580000e+002 -5.000000e+001    2    1  0.000000e+000  1.000000e+000  1.000000e+000  1.000000e+000              
  360 -3.590000e+002 -5.000000e+001    2    1  0.000000e+000  1.000000e+000  1.000000e+000  1.000000e+000              
  361 -3.600000e+002 -5.000000e+001    2    1  0.000000e+000  1.000000e+000  1.000000e+000  1.000000e+000              
  362 -3.610000e+002 -5.000000e+001    3    1  0.000000e+000  1.000000e+000  1.000000e+000  1.000000e+000              
  363 -3.620000e+002 -5.000000e+001    3    1  0.000000e+000  1.000000e+000  1.000000e+000  1.000000e+000              
  364 -3.630000e+002 -5.000000e+001    3    1  0.000000e+000  1.000000e+000  1.000000e+000  1.000000e+000              
  365 -3.640000e+002 -5.000000e+001    3    1  0.000000e+000  1.000000e+000  1.000000e+000  1.000000e+000              
  366 -3.650000e+002 -5.000000e+001    3    1  0.000000e+000  1.000000e+000  1.000000e+000  1.000000e+000              
  367 -3.660000e+002 -5.000000e+001    3    1  0.000000e+000  1.000000e+000  1.000000e+000  1.000000e+000              
  368 -3.670000e+002 -5.000000e+001    3    1  0.000000e+000  1.000000e+000  1.000000e+000  1.000000e+000              
  369 -3.680000e+002 -5.000000e+001    3    1  0.000000e+000  1.000000e+000  1.000000e+000  1.000000e+000              
  370 -3.690000e+002 -5.000000e+001    3    1  0.000000e+000  1.000000e+000  1.000000e+000  1.000000e+000              
  371 -3.700000e+002 -5.000000e+001    3    1  0.000000e+000  1.000000e+000  1.000000e+000  1.000000e+000              
  372 -3.710000e+002 -5.000000e+001    3    1  0.000000e+000  1.000000e+000  1.000000e+000  1.000000e+000              
  373 -3.720000e+002 -5.000000e+001    3    1  0.000000e+000  1.000000e+000  1.000000e+000  1.000000e+000              
  374 -3.730000e+002 -5.000000e+001    3    1  0.000000e+000  1.000000e+000  1.000000e+000  1.000000e+000              
  375 -3.740000e+002 -5.000000e+001    3    1  0.000000e+000  1.000000e+000  1.000000e+000  1.000000e+000              
  376 -3.750000e+002 -5.000000e+001    3    1  0.000000e+000  1.000000e+000  1.000000e+000  1.000000e+000              
  377 -3.760000e+002 -5.000000e+001    3    1  0.000000e+000  1.000000e+000  1.000000e+000  1.000000e+000              
  378 -3.770000e+002 -5.000000e+001    3    1  0.000000e+000  1.000000e+000  1.000000e+000  1.000000e+000              
  379 -3.780000e+002 -5.000000e+001    3    1  0.000000e+000  1.000000e+000  1.000000e+000  1.000000e+000              
  380 -3.790000e+002 -5.000000e+001    3    1  0.000000e+000  1.000000e+000  1.000000e+000  1.000000e+000              
  381 -3.800000e+002 -5.000000e+001    3    1  0.000000e+000  1.000000e+000  1.000000e+000  1.000000e+000              
  382 -3.810000e+002 -5.000000e+001    3    1  0.000000e+000  1.000000e+000  1.000000e+000  1.000000e+000              
  383 -3.820000e+002 -5.000000e+001    3    1  0.000000e+000  1.000000e+000  1.000000e+000  1.000000e+000              
  384 -3.830000e+002 -5.000000e+001    3    1  0.000000e+000  1.000000e+000  1.000000e+000  1.000000e+000              
  385 -3.840000e+002 -5.000000e+001    3    1  0.000000e+000  1.000000e+000  1.000000e+000  1.000000e+000              
  386 -3.850000e+002 -5.000000e+001    3    1  0.000000e+000  1.000000e+000  1.000000e+000  1.000000e+000              
  387 -3.860000e+002 -5.000000e+001    3    1  0.000000e+000  1.000000e+000  1.000000e+000  1.000000e+000              
  388 -3.870000e+002 -5.000000e+001    3    1  0.000000e+000  1.000000e+000  1.000000e+000  1.000000e+000              
  389 -3.880000e+002 -5.000000e+001    3    1  0.000000e+000  1.000000e+000  1.000000e+000  1.000000e+000              
  390 -3.890000e+002 -5.000000e+001    3    1  0.000000e+000  1.000000e+000  1.000000e+000  1.000000e+000              
  391 -3.900000e+002 -5.000000e+001    3    1  0.000000e+000  1.000000e+000  1.000000e+000  1.000000e+000              
  392 -3.910000e+002 -5.000000e+001    3    1  0.000000e+000  1.000000e+000  1.000000e+000  1.000000e+000              
  393 -3.920000e+002 -5.000000e+001    3    1  0.000000e+000  1.000000e+000  1.000000e+000  1.000000e+000              
  394 -3.930000e+002 -5.000000e+001    3    1  0.000000e+000  1.000000e+000  1.000000e+000  1.000000e+000              
  395 -3.940000e+002 -5.000000e+001    3    1  0.000000e+000  1.000000e+000  1.000000e+000  1.000000e+000              
  396 -3.950000e+002 -5.000000e+001    3    1  0.000000e+000  1.000000e+000  1.000000e+000  1.000000e+000              
  397 -3.960000e+002 -5.000000e+001    3    1  0.000000e+000  1.000000e+000  1.000000e+000  1.000000e+000              
  398 -3.970000e+002 -5.000000e+001    3    1  0.000000e+000  1.000000e+000  1.000000e+000  1.000000e+000              
  399 -3.980000e+002 -5.000000e+001    3    1  0.000000e+000  1.000000e+000  1.000000e+000  1.000000e+000              
  400 -3.990000e+002 -5.000000e+001    3    1  0.000000e+000  1.000000e+000  1.000000e+000  1.000000e+000              
  401 -4.000000e+002 -5.000000e+001    3    1  0.000000e+000  1.000000e+000  1.000000e+000  1.000000e+000              
  402 -4.010000e+002 -5.000000e+001    3    1  0.000000e+000  1.000000e+000  1.000000e+000  1.000000e+000              
  403 -4.020000e+002 -5.000000e+001    3    1  0.000000e+000  1.000000e+000  1.000000e+000  1.000000e+000              
  404 -4.030000e+002 -5.000000e+001    3    1  0.000000e+000  1.000000e+000  1.000000e+000  1.000000e+000              
  405 -4.040000e+002 -5.000000e+001    3    1  0.000000e+000  1.000000e+000  1.000000e+000  1.000000e+000              
  406 -4.050000e+002 -5.000000e+001    3    1  0.000000e+000  1.000000e+000  1.000000e+000  1.000000e+000              
  407 -4.060000e+002 -5.000000e+001    3    1  0.000000e+000  1.000000e+000  1.000000e+000  1.000000e+000              
  408 -4.070000e+002 -5.000000e+001    3    1  0.000000e+000  1.000000e+000  1.000000e+000  1.000000e+000              
  409 -4.080000e+002 -5.000000e+001    3    1  0.000000e+000  1.000000e+000  1.000000e+000  1.000000e+000              
  410 -4.090000e+002 -5.000000e+001    3    1  0.000000e+000  1.000000e+000  1.000000e+000  1.000000e+000              
  411 -4.100000e+002 -5.000000e+001    3    1  0.000000e+000  1.000000e+000  1.000000e+000  1.000000e+000              
  412 -4.110000e+002 -5.000000e+001    3    1  0.000000e+000  1.000000e+000  1.000000e+000  1.000000e+000              
  413 -4.120000e+002 -5.000000e+001    3    1  0.000000e+000  1.000000e+000  1.000000e+000  1.000000e+000              
  414 -4.130000e+002 -5.000000e+001    3    1  0.000000e+000  1.000000e+000  1.000000e+000  1.000000e+000              
  415 -4.140000e+002 -5.000000e+001    3    1  0.000000e+000  1.000000e+000  1.000000e+000  1.000000e+000              
  416 -4.150000e+002 -5.000000e+001    3    1  0.000000e+000  1.000000e+000  1.000000e+000  1.000000e+000              
  417 -4.160000e+002 -5.000000e+001    3    1  0.000000e+000  1.000000e+000  1.000000e+000  1.000000e+000              
  418 -4.170000e+002 -5.000000e+001    3    1  0.000000e+000  1.000000e+000  1.000000e+000  1.000000e+000              
  419 -4.180000e+002 -5.000000e+001    3    1  0.000000e+000  1.000000e+000  1.000000e+000  1.000000e+000              
  420 -4.190000e+002 -5.000000e+001    3    1  0.000000e+000  1.000000e+000  1.000000e+000  1.000000e+000              
  421 -4.200000e+002 -5.000000e+001    3    1  0.000000e+000  1.000000e+000  1.000000e+000  1.000000e+000              
  422 -4.210000e+002 -5.000000e+001    3    1  0.000000e+000  1.000000e+000  1.000000e+000  1.000000e+000              
  423 -4.220000e+002 -5.000000e+001    3    1  0.000000e+000  1.000000e+000  1.000000e+000  1.000000e+000              
  424 -4.230000e+002 -5.000000e+001    3    1  0.000000e+000  1.000000e+000  1.000000e+000  1.000000e+000              
  425 -4.240000e+002 -5.000000e+001    3    1  0.000000e+000  1.000000e+000  1.000000e+000  1.000000e+000              
  426 -4.250000e+002 -5.000000e+001    3    1  0.000000e+000  1.000000e+000  1.000000e+000  1.000000e+000              
  427 -4.260000e+002 -5.000000e+001    3    1  0.000000e+000  1.000000e+000  1.000000e+000  1.000000e+000              
  428 -4.270000e+002 -5.000000e+001    3    1  0.000000e+000  1.000000e+000  1.000000e+000  1.000000e+000              
  429 -4.280000e+002 -5.000000e+001    3    1  0.000000e+000  1.000000e+000  1.000000e+000  1.000000e+000              
  430 -4.290000e+002 -5.000000e+001    3    1  0.000000e+000  1.000000e+000  1.000000e+000  1.000000e+000              
  431 -4.300000e+002 -5.000000e+001    3    1  0.000000e+000  1.000000e+000  1.000000e+000  1.000000e+000              
  432 -4.310000e+002 -5.000000e+001    3    1  0.000000e+000  1.000000e+000  1.000000e+000  1.000000e+000              
  433 -4.320000e+002 -5.000000e+001    3    1  0.000000e+000  1.000000e+000  1.000000e+000  1.000000e+000              
  434 -4.330000e+002 -5.000000e+001    3    1  0.000000e+000  1.000000e+000  1.000000e+000  1.000000e+000              
  435 -4.340000e+002 -5.000000e+001    3    1  0.000000e+000  1.000000e+000  1.000000e+000  1.000000e+000              
  436 -4.350000e+002 -5.000000e+001    3    1  0.000000e+000  1.000000e+000  1.000000e+000  1.000000e+000              
  437 -4.360000e+002 -5.000000e+001    3    1  0.000000e+000  1.000000e+000  1.000000e+000  1.000000e+000              
  438 -4.370000e+002 -5.000000e+001    3    1  0.000000e+000  1.000000e+000  1.000000e+000  1.000000e+000              
  439 -4.380000e+002 -5.000000e+001    3    1  0.000000e+000  1.000000e+000  1.000000e+000  1.000000e+000              
  440 -4.390000e+002 -5.000000e+001    3    1  0.000000e+000  1.000000e+000  1.000000e+000  1.000000e+000              
  441 -4.400000e+002 -5.000000e+001    3    1  0.000000e+000  1.000000e+000  1.000000e+000  1.000000e+000              
  442 -4.410000e+002 -5.000000e+001    3    1  0.000000e+000  1.000000e+000  1.000000e+000  1.000000e+000              
  443 -4.420000e+002 -5.000000e+001    3    1  0.000000e+000  1.000000e+000  1.000000e+000  1.000000e+000              
  444 -4.430000e+002 -5.000000e+001    3    1  0.000000e+000  1.000000e+000  1.000000e+000  1.000000e+000              
  445 -4.440000e+002 -5.000000e+001    3    1  0.000000e+000  1.000000e+000  1.000000e+000  1.000000e+000              
  446 -4.450000e+002 -5.000000e+001    3    1  0.000000e+000  1.000000e+000  1.000000e+000  1.000000e+000              
  447 -4.460000e+002 -5.000000e+001    3    1  0.000000e+000  1.000000e+000  1.000000e+000  1.000000e+000              
  448 -4.470000e+002 -5.000000e+001    3    1  0.000000e+000  1.000000e+000  1.000000e+000  1.000000e+000              
  449 -4.480000e+002 -5.000000e+001    3    1  0.000000e+000  1.000000e+000  1.000000e+000  1.000000e+000              
  450 -4.490000e+002 -5.000000e+001    3    1  0.000000e+000  1.000000e+000  1.000000e+000  1.000000e+000              
  451 -4.500000e+002 -5.000000e+001    3    1  0.000000e+000  1.000000e+000  1.000000e+000  1.000000e+000              
  452 -4.510000e+002 -5.000000e+001    3    1  0.000000e+000  1.000000e+000  1.000000e+000  1.000000e+000              
  453 -4.520000e+002 -5.000000e+001    3    1  0.000000e+000  1.000000e+000  1.000000e+000  1.000000e+000              
  454 -4.530000e+002 -5.000000e+001    3    1  0.000000e+000  1.000000e+000  1.000000e+000  1.000000e+000              
  455 -4.540000e+002 -5.000000e+001    3    1  0.000000e+000  1.000000e+000  1.000000e+000  1.000000e+000              
  456 -4.550000e+002 -5.000000e+001    3    1  0.000000e+000  1.000000e+000  1.000000e+000  1.000000e+000              
  457 -4.560000e+002 -5.000000e+001    3    1  0.000000e+000  1.000000e+000  1.000000e+000  1.000000e+000              
  458 -4.570000e+002 -5.000000e+001    3    1  0.000000e+000  1.000000e+000  1.000000e+000  1.000000e+000              
  459 -4.580000e+002 -5.000000e+001    3    1  0.000000e+000  1.000000e+000  1.000000e+000  1.000000e+000              
  460 -4.590000e+002 -5.000000e+001    3    1  0.000000e+000  1.000000e+000  1.000000e+000  1.000000e+000              
  461 -4.600000e+002 -5.000000e+001    3    1  0.000000e+000  1.000000e+000  1.000000e+000  1.000000e+000              
  462 -4.610000e+002 -5.000000e+001    3    1  0.000000e+000  1.000000e+000  1.000000e+000  1.000000e+000              
  463 -4.620000e+002 -5.000000e+001    3    1  0.000000e+000  1.000000e+000  1.000000e+000  1.000000e+000              
  464 -4.630000e+002 -5.000000e+001    3    1  0.000000e+000  1.000000e+000  1.000000e+000  1.000000e+000              
  465 -4.640000e+002 -5.000000e+001    3    1  0.000000e+000  1.000000e+000  1.000000e+000  1.000000e+000              
  466 -4.650000e+002 -5.000000e+001    3    1  0.000000e+000  1.000000e+000  1.000000e+000  1.000000e+000              
  467 -4.660000e+002 -5.000000e+001    3    1  0.000000e+000  1.000000e+000  1.000000e+000  1.000000e+000              
  468 -4.670000e+002 -5.000000e+001    3    1  0.000000e+000  1.000000e+000  1.000000e+000  1.000000e+000              
  469 -4.680000e+002 -5.000000e+001    3    1  0.000000e+000  1.000000e+000  1.000000e+000  1.000000e+000              
  470 -4.690000e+002 -5.000000e+001    3    1  0.000000e+000  1.000000e+000  1.000000e+000  1.000000e+000              
  471 -4.700000e+002 -5.000000e+001    3    1  0.000000e+000  1.000000e+000  1.000000e+000  1.000000e+000              
  472 -4.710000e+002 -5.000000e+001    3    1  0.000000e+000  1.000000e+000  1.000000e+000  1.000000e+000              
  473 -4.720000e+002 -5.000000e+001    3    1  0.000000e+000  1.000000e+000  1.000000e+000  1.000000e+000              
  474 -4.730000e+002 -5.000000e+001    3    1  0.000000e+000  1.000000e+000  1.000000e+000  1.000000e+000              
  475 -4.740000e+002 -5.000000e+001    3    1  0.000000e+000  1.000000e+000  1.000000e+000  1.000000e+000              
  476 -4.750000e+002 -5.000000e+001    3    1  0.000000e+000  1.000000e+000  1.000000e+000  1.000000e+000              
  477 -4.760000e+002 -5.000000e+001    3    1  0.000000e+000  1.000000e+000  1.000000e+000  1.000000e+000              
  478 -4.770000e+002 -5.000000e+001    3    1  0.000000e+000  1.000000e+000  1.000000e+000  1.000000e+000              
  479 -4.780000e+002 -5.000000e+001    3    1  0.000000e+000  1.000000e+000  1.000000e+000  1.000000e+000              
  480 -4.790000e+002 -5.000000e+001    3    1  0.000000e+000  1.000000e+000  1.000000e+000  1.000000e+000              
  481 -4.800000e+002 -5.000000e+001    3    1  0.000000e+000  1.000000e+000  1.000000e+000  1.000000e+000              
  482 -4.810000e+002 -5.000000e+001    3    1  0.000000e+000  1.000000e+000  1.000000e+000  1.000000e+000              
  483 -4.820000e+002 -5.000000e+001    3    1  0.000000e+000  1.000000e+000  1.000000e+000  1.000000e+000              
  484 -4.830000e+002 -5.000000e+001    3    1  0.000000e+000  1.000000e+000  1.000000e+000  1.000000e+000              
  485 -4.840000e+002 -5.000000e+001    3    1  0.000000e+000  1.000000e+000  1.000000e+000  1.000000e+000              
  486 -4.850000e+002 -5.000000e+001    3    1  0.000000e+000  1.000000e+000  1.000000e+000  1.000000e+000              
  487 -4.860000e+002 -5.000000e+001    3    1  0.000000e+000  1.000000e+000  1.000000e+000  1.000000e+000              
  488 -4.870000e+002 -5.000000e+001    3    1  0.000000e+000  1.000000e+000  1.000000e+000  1.000000e+000              
  489 -4.880000e+002 -5.000000e+001    3    1  0.000000e+000  1.000000e+000  1.000000e+000  1.000000e+000              
  490 -4.890000e+002 -5.000000e+001    3    1  0.000000e+000  1.000000e+000  1.000000e+000  1.000000e+000              
  491 -4.900000e+002 -5.000000e+001    3    1  0.000000e+000  1.000000e+000  1.000000e+000  1.000000e+000              
  492 -4.910000e+002 -5.000000e+001    3    1  0.000000e+000  1.000000e+000  1.000000e+000  1.000000e+000              
  493 -4.920000e+002 -5.000000e+001    3    1  0.000000e+000  1.000000e+000  1.000000e+000  1.000000e+000              
  494 -4.930000e+002 -5.000000e+001    3    1  0.000000e+000  1.000000e+000  1.000000e+000  1.000000e+000              
  495 -4.940000e+002 -5.000000e+001    3    1  0.000000e+000  1.000000e+000  1.000000e+000  1.000000e+000              
  496 -4.950000e+002 -5.000000e+001    3    1  0.000000e+000  1.000000e+000  1.000000e+000  1.000000e+000              
  497 -4.960000e+002 -5.000000e+001    3    1  0.000000e+000  1.000000e+000  1.000000e+000  1.000000e+000              
  498 -4.970000e+002 -5.000000e+001    3    1  0.000000e+000  1.000000e+000  1.000000e+000  1.000000e+000              
  499 -4.980000e+002 -5.000000e+001    3    1  0.000000e+000  1.000000e+000  1.000000e+000  1.000000e+000              
  500 -4.990000e+002 -5.000000e+001    3    1  0.000000e+000  1.000000e+000  1.000000e+000  1.000000e+000              
  501 -5.000000e+002 -5.000000e+001    3    1  0.000000e+000  1.000000e+000  1.000000e+000  1.000000e+000              
  502 -5.010000e+002 -5.000000e+001    3    1  0.000000e+000  1.000000e+000  1.000000e+000  1.000000e+000              
  503 -5.020000e+002 -5.000000e+001    3    1  0.000000e+000  1.000000e+000  1.000000e+000  1.000000e+000              
  504 -5.030000e+002 -5.000000e+001    3    1  0.000000e+000  1.000000e+000  1.000000e+000  1.000000e+000              
  505 -5.040000e+002 -5.000000e+001    3    1  0.000000e+000  1.000000e+000  1.000000e+000  1.000000e+000              
  506 -5.050000e+002 -5.000000e+001    3    1  0.000000e+000  1.000000e+000  1.000000e+000  1.000000e+000              
  507 -5.060000e+002 -5.000000e+001    3    1  0.000000e+000  1.000000e+000  1.000000e+000  1.000000e+000              
  508 -5.070000e+002 -5.000000e+001    3    1  0.000000e+000  1.000000e+000  1.000000e+000  1.000000e+000              
  509 -5.080000e+002 -5.000000e+001    3    1  0.000000e+000  1.000000e+000  1.000000e+000  1.000000e+000              
  510 -5.090000e+002 -5.000000e+001    3    1  0.000000e+000  1.000000e+000  1.000000e+000  1.000000e+000              
  511 -5.100000e+002 -5.000000e+001    3    1  0.000000e+000  1.000000e+000  1.000000e+000  1.000000e+000              
  512 -5.110000e+002 -5.000000e+001    3    1  0.000000e+000  1.000000e+000  1.000000e+000  1.000000e+000              
  513 -5.120000e+002 -5.000000e+001    3    1  0.000000e+000  1.000000e+000  1.000000e+000  1.000000e+000              
  514 -5.130000e+002 -5.000000e+001    3    1  0.000000e+000  1.000000e+000  1.000000e+000  1.000000e+000              
  515 -5.140000e+002 -5.000000e+001    3    1  0.000000e+000  1.000000e+000  1.000000e+000  1.000000e+000              
  516 -5.150000e+002 -5.000000e+001    3    1  0.000000e+000  1.000000e+000  1.000000e+000  1.000000e+000              
  517 -5.160000e+002 -5.000000e+001    3    1  0.000000e+000  1.000000e+000  1.000000e+000  1.000000e+000              
  518 -5.170000e+002 -5.000000e+001    3    1  0.000000e+000  1.000000e+000  1.000000e+000  1.000000e+000              
  519 -5.180000e+002 -5.000000e+001    3    1  0.000000e+000  1.000000e+000  1.000000e+000  1.000000e+000              
  520 -5.190000e+002 -5.000000e+001    3    1  0.000000e+000  1.000000e+000  1.000000e+000  1.000000e+000              
  521 -5.200000e+002 -5.000000e+001    3    1  0.000000e+000  1.000000e+000  1.000000e+000  1.000000e+000              
  522 -5.210000e+002 -5.000000e+001    3    1  0.000000e+000  1.000000e+000  1.000000e+000  1.000000e+000              
  523 -5.220000e+002 -5.000000e+001    3    1  0.000000e+000  1.000000e+000  1.000000e+000  1.000000e+000              
  524 -5.230000e+002 -5.000000e+001    3    1  0.000000e+000  1.000000e+000  1.000000e+000  1.000000e+000              
  525 -5.240000e+002 -5.000000e+001    3    1  0.000000e+000  1.000000e+000  1.000000e+000  1.000000e+000              
  526 -5.250000e+002 -5.000000e+001    3    1  0.000000e+000  1.000000e+000  1.000000e+000  1.000000e+000              
  527 -5.260000e+002 -5.000000e+001    3    1  0.000000e+000  1.000000e+000  1.000000e+000  1.000000e+000              
  528 -5.270000e+002 -5.000000e+001    3    1  0.000000e+000  1.000000e+000  1.000000e+000  1.000000e+000              
  529 -5.280000e+002 -5.000000e+001    3    1  0.000000e+000  1.000000e+000  1.000000e+000  1.000000e+000              
  530 -5.290000e+002 -5.000000e+001    3    1  0.000000e+000  1.000000e+000  1.000000e+000  1.000000e+000              
  531 -5.300000e+002 -5.000000e+001    3    1  0.000000e+000  1.000000e+000  1.000000e+000  1.000000e+000              
  532 -5.310000e+002 -5.000000e+001    3    1  0.000000e+000  1.000000e+000  1.000000e+000  1.000000e+000              
  533 -5.320000e+002 -5.000000e+001    3    1  0.000000e+000  1.000000e+000  1.000000e+000  1.000000e+000              
  534 -5.330000e+002 -5.000000e+001    3    1  0.000000e+000  1.000000e+000  1.000000e+000  1.000000e+000              
  535 -5.340000e+002 -5.000000e+001    3    1  0.000000e+000  1.000000e+000  1.000000e+000  1.000000e+000              
  536 -5.350000e+002 -5.000000e+001    3    1  0.000000e+000  1.000000e+000  1.000000e+000  1.000000e+000              
  537 -5.360000e+002 -5.000000e+001    3    1  0.000000e+000  1.000000e+000  1.000000e+000  1.000000e+000              
  538 -5.370000e+002 -5.000000e+001    3    1  0.000000e+000  1.000000e+000  1.000000e+000  1.000000e+000              
  539 -5.380000e+002 -5.000000e+001    3    1  0.000000e+000  1.000000e+000  1.000000e+000  1.000000e+000              
  540 -5.390000e+002 -5.000000e+001    3    1  0.000000e+000  1.000000e+000  1.000000e+000  1.000000e+000              
  541 -5.400000e+002 -5.000000e+001    3    1  0.000000e+000  1.000000e+000  1.000000e+000  1.000000e+000              
  542 -5.410000e+002 -5.000000e+001    3    1  0.000000e+000  1.000000e+000  1.000000e+000  1.000000e+000              
  543 -5.420000e+002 -5.000000e+001    3    1  0.000000e+000  1.000000e+000  1.000000e+000  1.000000e+000              
  544 -5.430000e+002 -5.000000e+001    3    1  0.000000e+000  1.000000e+000  1.000000e+000  1.000000e+000              
  545 -5.440000e+002 -5.000000e+001    3    1  0.000000e+000  1.000000e+000  1.000000e+000  1.000000e+000              
  546 -5.450000e+002 -5.000000e+001    3    1  0.000000e+000  1.000000e+000  1.000000e+000  1.000000e+000              
  547 -5.460000e+002 -5.000000e+001    3    1  0.000000e+000  1.000000e+000  1.000000e+000  1.000000e+000              
  548 -5.470000e+002 -5.000000e+001    3    1  0.000000e+000  1.000000e+000  1.000000e+000  1.000000e+000              
  549 -5.480000e+002 -5.000000e+001    3    1  0.000000e+000  1.000000e+000  1.000000e+000  1.000000e+000              
  550 -5.490000e+002 -5.000000e+001    3    1  0.000000e+000  1.000000e+000  1.000000e+000  1.000000e+000              
  551 -5.500000e+002 -5.000000e+001    3    1  0.000000e+000  1.000000e+000  1.000000e+000  1.000000e+000              
  552 -5.510000e+002 -5.000000e+001    3    1  0.000000e+000  1.000000e+000  1.000000e+000  1.000000e+000              
  553 -5.520000e+002 -5.000000e+001    3    1  0.000000e+000  1.000000e+000  1.000000e+000  1.000000e+000              
  554 -5.530000e+002 -5.000000e+001    3    1  0.000000e+000  1.000000e+000  1.000000e+000  1.000000e+000              
  555 -5.540000e+002 -5.000000e+001    3    1  0.000000e+000  1.000000e+000  1.000000e+000  1.000000e+000              
  556 -5.550000e+002 -5.000000e+001    3    1  0.000000e+000  1.000000e+000  1.000000e+000  1.000000e+000              
  557 -5.560000e+002 -5.000000e+001    3    1  0.000000e+000  1.000000e+000  1.000000e+000  1.000000e+000              
  558 -5.570000e+002 -5.000000e+001    3    1  0.000000e+000  1.000000e+000  1.000000e+000  1.000000e+000              
  559 -5.580000e+002 -5.000000e+001    3    1  0.000000e+000  1.000000e+000  1.000000e+000  1.000000e+000              
  560 -5.590000e+002 -5.000000e+001    3    1  0.000000e+000  1.000000e+000  1.000000e+000  1.000000e+000              
  561 -5.600000e+002 -5.000000e+001    3    1  0.000000e+000  1.000000e+000  1.000000e+000  1.000000e+000              
  562 -5.610000e+002 -5.000000e+001    3    1  0.000000e+000  1.000000e+000  1.000000e+000  1.000000e+000              
  563 -5.620000e+002 -5.000000e+001    3    1  0.000000e+000  1.000000e+000  1.000000e+000  1.000000e+000              
  564 -5.630000e+002 -5.000000e+001    3    1  0.000000e+000  1.000000e+000  1.000000e+000  1.000000e+000              
  565 -5.640000e+002 -5.000000e+001    3    1  0.000000e+000  1.000000e+000  1.000000e+000  1.000000e+000              
  566 -5.650000e+002 -5.000000e+001    3    1  0.000000e+000  1.000000e+000  1.000000e+000  1.000000e+000              
  567 -5.660000e+002 -5.000000e+001    3    1  0.000000e+000  1.000000e+000  1.000000e+000  1.000000e+000              
  568 -5.670000e+002 -5.000000e+001    3    1  0.000000e+000  1.000000e+000  1.000000e+000  1.000000e+000              
  569 -5.680000e+002 -5.000000e+001    3    1  0.000000e+000  1.000000e+000  1.000000e+000  1.000000e+000              
  570 -5.690000e+002 -5.000000e+001    3    1  0.000000e+000  1.000000e+000  1.000000e+000  1.000000e+000              
  571 -5.700000e+002 -5.000000e+001    3    1  0.000000e+000  1.000000e+000  1.000000e+000  1.000000e+000              
  572 -5.710000e+002 -5.000000e+001    3    1  0.000000e+000  1.000000e+000  1.000000e+000  1.000000e+000              
  573 -5.720000e+002 -5.000000e+001    3    1  0.000000e+000  1.000000e+000  1.000000e+000  1.000000e+000              
  574 -5.730000e+002 -5.000000e+001    3    1  0.000000e+000  1.000000e+000  1.000000e+000  1.000000e+000              
  575 -5.740000e+002 -5.000000e+001    3    1  0.000000e+000  1.000000e+000  1.000000e+000  1.000000e+000              
  576 -5.750000e+002 -5.000000e+001    3    1  0.000000e+000  1.000000e+000  1.000000e+000  1.000000e+000              
  577 -5.760000e+002 -5.000000e+001    3    1  0.000000e+000  1.000000e+000  1.000000e+000  1.000000e+000              
  578 -5.770000e+002 -5.000000e+001    3    1  0.000000e+000  1.000000e+000  1.000000e+000  1.000000e+000              
  579 -5.780000e+002 -5.000000e+001    3    1  0.000000e+000  1.000000e+000  1.000000e+000  1.000000e+000              
  580 -5.790000e+002 -5.000000e+001    3    1  0.000000e+000  1.000000e+000  1.000000e+000  1.000000e+000              
  581 -5.800000e+002 -5.000000e+001    3    1  0.000000e+000  1.000000e+000  1.000000e+000  1.000000e+000              
  582 -5.810000e+002 -5.000000e+001    3    1  0.000000e+000  1.000000e+000  1.000000e+000  1.000000e+000              
  583 -5.820000e+002 -5.000000e+001    3    1  0.000000e+000  1.000000e+000  1.000000e+000  1.000000e+000              
  584 -5.830000e+002 -5.000000e+001    3    1  0.000000e+000  1.000000e+000  1.000000e+000  1.000000e+000              
  585 -5.840000e+002 -5.000000e+001    3    1  0.000000e+000  1.000000e+000  1.000000e+000  1.000000e+000              
  586 -5.850000e+002 -5.000000e+001    3    1  0.000000e+000  1.000000e+000  1.000000e+000  1.000000e+000              
  587 -5.860000e+002 -5.000000e+001    3    1  0.000000e+000  1.000000e+000  1.000000e+000  1.000000e+000              
  588 -5.870000e+002 -5.000000e+001    3    1  0.000000e+000  1.000000e+000  1.000000e+000  1.000000e+000              
  589 -5.880000e+002 -5.000000e+001    3    1  0.000000e+000  1.000000e+000  1.000000e+000  1.000000e+000              
  590 -5.890000e+002 -5.000000e+001    3    1  0.000000e+000  1.000000e+000  1.000000e+000  1.000000e+000              
  591 -5.900000e+002 -5.000000e+001    3    1  0.000000e+000  1.000000e+000  1.000000e+000  1.000000e+000              
  592 -5.910000e+002 -5.000000e+001    3    1  0.000000e+000  1.000000e+000  1.000000e+000  1.000000e+000              
  593 -5.920000e+002 -5.000000e+001    3    1  0.000000e+000  1.000000e+000  1.000000e+000  1.000000e+000              
  594 -5.930000e+002 -5.000000e+001    3    1  0.000000e+000  1.000000e+000  1.000000e+000  1.000000e+000              
  595 -5.940000e+002 -5.000000e+001    3    1  0.000000e+000  1.000000e+000  1.000000e+000  1.000000e+000              
  596 -5.950000e+002 -5.000000e+001    3    1  0.000000e+000  1.000000e+000  1.000000e+000  1.000000e+000              
  597 -5.960000e+002 -5.000000e+001    3    1  0.000000e+000  1.000000e+000  1.000000e+000  1.000000e+000              
  598 -5.970000e+002 -5.000000e+001    3    1  0.000000e+000  1.000000e+000  1.000000e+000  1.000000e+000              
  599 -5.980000e+002 -5.000000e+001    3    1  0.000000e+000  1.000000e+000  1.000000e+000  1.000000e+000              
  600 -5.990000e+002 -5.000000e+001    3    1  0.000000e+000  1.000000e+000  1.000000e+000  1.000000e+000              
  601 -6.000000e+002 -5.000000e+001    3    1  0.000000e+000  1.000000e+000  1.000000e+000  1.000000e+000              
  602 -6.010000e+002 -5.000000e+001    3    1  0.000000e+000  1.000000e+000  1.000000e+000  1.000000e+000              
  603 -6.020000e+002 -5.000000e+001    3    1  0.000000e+000  1.000000e+000  1.000000e+000  1.000000e+000              
  604 -6.030000e+002 -5.000000e+001    3    1  0.000000e+000  1.000000e+000  1.000000e+000  1.000000e+000              
  605 -6.040000e+002 -5.000000e+001    3    1  0.000000e+000  1.000000e+000  1.000000e+000  1.000000e+000              
  606 -6.050000e+002 -5.000000e+001    3    1  0.000000e+000  1.000000e+000  1.000000e+000  1.000000e+000              
  607 -6.060000e+002 -5.000000e+001    3    1  0.000000e+000  1.000000e+000  1.000000e+000  1.000000e+000              
  608 -6.070000e+002 -5.000000e+001    3    1  0.000000e+000  1.000000e+000  1.000000e+000  1.000000e+000              
  609 -6.080000e+002 -5.000000e+001    3    1  0.000000e+000  1.000000e+000  1.000000e+000  1.000000e+000              
  610 -6.090000e+002 -5.000000e+001    3    1  0.000000e+000  1.000000e+000  1.000000e+000  1.000000e+000              
  611 -6.100000e+002 -5.000000e+001    3    1  0.000000e+000  1.000000e+000  1.000000e+000  1.000000e+000              
  612 -6.110000e+002 -4.900000e+001    3    1  0.000000e+000  1.000000e+000  1.000000e+000  1.000000e+000              
  613 -6.120000e+002 -4.800000e+001    3    1  0.000000e+000  1.000000e+000  1.000000e+000  1.000000e+000              
  614 -6.130000e+002 -4.700000e+001    3    1  0.000000e+000  1.000000e+000  1.000000e+000  1.000000e+000              
  615 -6.140000e+002 -4.600000e+001    3    1  0.000000e+000  1.000000e+000  1.000000e+000  1.000000e+000              
  616 -6.150000e+002 -4.500000e+001    3    1  0.000000e+000  1.000000e+000  1.000000e+000  1.000000e+000              
  617 -6.160000e+002 -4.400000e+001    3    1  0.000000e+000  1.000000e+000  1.000000e+000  1.000000e+000              
  618 -6.170000e+002 -4.300000e+001    3    1  0.000000e+000  1.000000e+000  1.000000e+000  1.000000e+000              
  619 -6.180000e+002 -4.200000e+001    3    1  0.000000e+000  1.000000e+000  1.000000e+000  1.000000e+000              
  620 -6.190000e+002 -4.100000e+001    3    1  0.000000e+000  1.000000e+000  1.000000e+000  1.000000e+000              
  621 -6.200000e+002 -4.000000e+001    3    1  0.000000e+000  1.000000e+000  1.000000e+000  1.000000e+000              
  622 -6.210000e+002 -3.900000e+001    3    1  0.000000e+000  1.000000e+000  1.000000e+000  1.000000e+000              
  623 -6.220000e+002 -3.800000e+001    3    1  0.000000e+000  1.000000e+000  1.000000e+000  1.000000e+000              
  624 -6.230000e+002 -3.700000e+001    3    1  0.000000e+000  1.000000e+000  1.000000e+000  1.000000e+000              
  625 -6.240000e+002 -3.600000e+001    3    1  0.000000e+000  1.000000e+000  1.000000e+000  1.000000e+000              
  626 -6.250000e+002 -3.500000e+001    3    1  0.000000e+000  1.000000e+000  1.000000e+000  1.000000e+000              
  627 -6.260000e+002 -3.400000e+001    3    1  0.000000e+000  1.000000e+000  1.000000e+000  1.000000e+000              
  628 -6.270000e+002 -3.300000e+001    3    1  0.000000e+000  1.000000e+000  1.000000e+000  1.000000e+000              
  629 -6.280000e+002 -3.200000e+001    3    1  0.000000e+000  1.000000e+000  1.000000e+000  1.000000e+000              
  630 -6.290000e+002 -3.100000e+001    3    1  0.000000e+000  1.000000e+000  1.000000e+000  1.000000e+000              
  631 -6.300000e+002 -3.000000e+001    3    1  0.000000e+000  1.000000e+000  1.000000e+000  1.000000e+000              
  632 -6.310000e+002 -2.900000e+001    3    1  0.000000e+000  1.000000e+000  1.000000e+000  1.000000e+000              
  633 -6.320000e+002 -2.800000e+001    3    1  0.000000e+000  1.000000e+000  1.000000e+000  1.000000e+000              
  634 -6.330000e+002 -2.700000e+001    3    1  0.000000e+000  1.000000e+000  1.000000e+000  1.000000e+000              
  635 -6.340000e+002 -2.600000e+001    3    1  0.000000e+000  1.000000e+000  1.000000e+000  1.000000e+000              
  636 -6.350000e+002 -2.500000e+001    3    1  0.000000e+000  1.000000e+000  1.000000e+000  1.000000e+000              
  637 -6.360000e+002 -2.400000e+001    3    1  0.000000e+000  1.000000e+000  1.000000e+000  1.000000e+000              
  638 -6.370000e+002 -2.300000e+001    3    1  0.000000e+000  1.000000e+000  1.000000e+000  1.000000e+000              
  639 -6.380000e+002 -2.200000e+001    3    1  0.000000e+000  1.000000e+000  1.000000e+000  1.000000e+000              
  640 -6.390000e+002 -2.100000e+001    3    1  0.000000e+000  1.000000e+000  1.000000e+000  1.000000e+000              
  641 -6.400000e+002 -2.000000e+001    3    1  0.000000e+000  1.000000e+000  1.000000e+000  1.000000e+000              
  642 -6.410000e+002 -1.900000e+001    3    1  0.000000e+000  1.000000e+000  1.000000e+000  1.000000e+000              
  643 -6.420000e+002 -1.800000e+001    3    1  0.000000e+000  1.000000e+000  1.000000e+000  1.000000e+000              
  644 -6.430000e+002 -1.700000e+001    3    1  0.000000e+000  1.000000e+000  1.000000e+000  1.000000e+000              
  645 -6.440000e+002 -1.600000e+001    3    1  0.000000e+000  1.000000e+000  1.000000e+000  1.000000e+000              
  646 -6.450000e+002 -1.500000e+001    3    1  0.000000e+000  1.000000e+000  1.000000e+000  1.000000e+000              
  647 -6.460000e+002 -1.400000e+001    3    1  0.000000e+000  1.000000e+000  1.000000e+000  1.000000e+000              
  648 -6.470000e+002 -1.300000e+001    3    1  0.000000e+000  1.000000e+000  1.000000e+000  1.000000e+000              
  649 -6.480000e+002 -1.200000e+001    3    1  0.000000e+000  1.000000e+000  1.000000e+000  1.000000e+000              
  650 -6.490000e+002 -1.100000e+001    3    1  0.000000e+000  1.000000e+000  1.000000e+000  1.000000e+000              
  651 -6.500000e+002 -1.000000e+001    3    1  0.000000e+000  1.000000e+000  1.000000e+000  1.000000e+000              
  652 -6.510000e+002 -9.000000e+000    3    1  0.000000e+000  1.000000e+000  1.000000e+000  1.000000e+000              
  653 -6.520000e+002 -8.000000e+000    3    1  0.000000e+000  1.000000e+000  1.000000e+000  1.000000e+000              
  654 -6.530000e+002 -7.000000e+000    3    1  0.000000e+000  1.000000e+000  1.000000e+000  1.000000e+000              
  655 -6.540000e+002 -6.000000e+000    3    1  0.000000e+000  1.000000e+000  1.000000e+000  1.000000e+000              
  656 -6.550000e+002 -5.000000e+000    3    1  0.000000e+000  1.000000e+000  1.000000e+000  1.000000e+000              
  657 -6.560000e+002 -4.000000e+000    3    1  0.000000e+000  1.000000e+000  1.000000e+000  1.000000e+000              
  658 -6.570000e+002 -3.000000e+000    3    1  0.000000e+000  1.000000e+000  1.000000e+000  1.000000e+000              
  659 -6.580000e+002 -2.000000e+000    3    1  0.000000e+000  1.000000e+000  1.000000e+000  1.000000e+000              
  660 -6.590000e+002 -1.000000e+000    3    1  0.000000e+000  1.000000e+000  1.000000e+000  1.000000e+000              
  661 -6.600000e+002  0.000000e+000    3    1  0.000000e+000  1.000000e+000  1.000000e+000  1.000000e+000              
    4
   21   51  151  451
